((("fill" .
   [1 0 0 0])
  ("cruise" .
   [0 0 0 0 1 0])
  ("start" .
   [1 0 0 0 0])
  ("changeFrontWheel" .
   [0 0 0 0 0 0 0 0 1 0 0 0 0 0 0 0])
  ("changeBackWheel" .
   [0 0 0 1 0 0 0 0 0 0 0 0 0 0 0])
  ("model" .
   [1 0 0 0 0])
  ("TwoWheelVehicule" .
   [0 0 0 2 0 0 0 0 0 0 0 0 0 0 0 0])
  ("MotorVehicule" .
   [0 0 0 0 1 0 0 0 0 0 0 0 1])
  ("MotoCycle" .
   [2 0 0 0 0 1 0 0 0])
  ("const" .
   [1 0 0 0 0])
  ("Circle" .
   [1 0 0 0 0 0])
  ("Green" .
   [0 0 1 0 0])
  ("Black" .
   [0 0 0 1 0])
  ("/dev/stdout" .
   [1 0 0 0 0 0 0 0 0 0 1])
  ("delete_matrix" .
   [0 0 0 0 0 0 0 0 0 1 0 0 1])
  ("init_matrix" .
   [0 0 0 2 0 0 0 0 0 0 0])
  ("row_" .
   [4 0 0 0])
  ("create_matrix" .
   [1 0 0 2 0 0 0 0 0 0 0 0 0])
  ("transpose" .
   [0 0 0 0 1 1 0 0 0])
  ("sdl" .
   [1 0 0])
  ("trace" .
   [1 0 0 0 0])
  ("square" .
   [0 0 0 1 0 0])
  ("switch" .
   [0 0 1 0 0 0])
  ("this" .
   [4 0 0 0])
  ("is_square" .
   [0 0 0 1 0 1 0 0 0])
  ("is_open" .
   [0 0 0 0 0 1 0])
  ("cc" .
   [1 0])
  ("prev_set" .
   [0 0 0 1 0 0 0 0])
  ("first_" .
   [0 0 1 0 0 0])
  ("next_set" .
   [0 0 0 0 0 0 1 0])
  ("last_" .
   [0 0 0 1 0])
  ("//u/" .
   [0 0 1 0])
  ("Node" .
   [3 0 0 0])
  ("swap_me" .
   [0 0 0 1 0 0 0])
  ("new" .
   [3 0 0])
  ("cin" .
   [2 0 0])
  ("do" .
   [5 0])
  ("file_out" .
   [3 0 0 0 1 0 0 0])
  ("toto" .
   [3 0 0 0])
  ("file_in" .
   [4 0 0 1 5 4 3])
  ("endl" .
   [21 0 1 0])
  ("cout" .
   [16 0 0 0])
  ("std" .
   [47 0 0])
  ("print_buff_bg" .
   [1 0 0 0 0 0 0 0 0 0 0 0 0])
  ("s_terminfo" .
   [1 0 1 0 0 0 0 0 0 0])
  ("putc" .
   [1 0 0 0])
  ("delete_char" .
   [1 0 0 0 0 0 0 0 0 0 0])
  ("break" .
   [3 0 0 0 0])
  ("sputs" .
   [1 0 0 0 0])
  ("delete" .
   [0 0 0 0 2 1])
  ("update_win_size" .
   [0 0 0 0 1 0 0 0 0 0 0 0 0 0 0])
  ("posy" .
   [5 0 0 0])
  ("padding" .
   [2 0 0 0 2 0 1])
  ("prompt_size" .
   [2 1 1 1 2 0 0 0 0 0 0])
  ("myst" .
   [18 0 2 4])
  ("s_st" .
   [5 0 0 0])
  ("my_readline" .
   [0 0 1 0 1 0 1 0 0 0 0])
  ("readline" .
   [1 0 0 0 0 0 0 0])
  ("res" .
   [2 0 0])
  ("token_to_string" .
   [0 0 1 0 0 0 0 0 0 0 0 0 0 0 0])
  ("enumString" .
   [1 0 0 0 1 0 0 0 0 0])
  ("print_a" .
   [1 0 0 0 0 0 0])
  ("ast_printer" .
   [0 0 0 1 1 0 0 0 0 0 0])
  ("my_ast_2" .
   [1 0 0 0 0 0 0 0])
  ("my_ast_1" .
   [2 0 0 0 0 0 0 0])
  ("son_list" .
   [0 0 0 0 1 0 0 0])
  ("destroy" .
   [0 0 0 1 0 0 0])
  ("get_latest" .
   [0 0 0 0 0 0 1 0 0 0])
  ("print_list" .
   [0 0 0 0 0 1 0 0 1 0])
  ("add" .
   [1 0 0])
  ("l" .
   [3])
  ("tmp" .
   [13 0 0])
  ("free" .
   [5 0 0 0])
  ("s_list" .
   [5 0 0 0 1 1])
  ("shift" .
   [1 0 0 0 0])
  ("test_json_file" .
   [0 0 0 0 0 1 0 0 0 0 0 0 0 0])
  ("quoted_command" .
   [0 0 2 0 0 1 0 0 0 0 0 0 0 0])
  ("ret_val" .
   [0 0 0 0 2 0 0])
  ("description" .
   [0 0 1 1 0 2 0 0 0 0 1])
  ("input" .
   [1 0 0 0 1])
  ("data" .
   [5 0 0 0])
  ("desc_printer" .
   [0 0 0 0 0 1 0 0 0 0 0 0])
  ("sub" .
   [1 0 0])
  ("chomp" .
   [2 0 0 0 0])
  ("bash_stderr" .
   [1 0 0 0 0 0 0 0 0 0 0])
  ("model_stderr" .
   [1 0 0 0 0 0 1 0 0 0 0 0])
  ("bash_stdout" .
   [1 0 0 0 0 0 0 2 0 0 0])
  ("model_stdout" .
   [0 0 0 0 0 0 0 0 1 0 0 1])
  ("bash_ret" .
   [0 0 0 1 0 1 0 0])
  ("bash" .
   [1 0 0 0])
  ("Dumper" .
   [2 0 0 0 2 0])
  ("stderr" .
   [3 0 0 0 0 0])
  ("lol" .
   [6 0 0])
  ("dot_prettyprint_heap" .
   [0 0 0 0 1 0 0 0 0 0 0 0 0 0 0 0 0 0 0 0])
  ("indent" .
   [0 0 0 0 3 0])
  ("prettyprint_heap" .
   [0 0 0 1 1 0 0 0 0 0 0 0 0 0 0 0])
  ("print_h_rec" .
   [1 0 0 0 1 0 2 0 0 0 1])
  ("make_heap" .
   [0 0 0 0 1 0 0 0 0])
  ("parent" .
   [2 0 0 0 0 0])
  ("assert" .
   [3 0 0 0 0 0])
  ("swap" .
   [2 0 0 0])
  ("largest" .
   [2 0 1 1 3 2 1])
  ("pos" .
   [6 0 0])
  ("right_child" .
   [0 0 2 2 0 0 0 0 0 0 0])
  ("left_child" .
   [0 0 0 1 0 0 0 0 0 3])
  ("vector" .
   [0 0 0 2 1 0])
  ("heapify" .
   [0 0 4 1 0 0 0])
  ("123" .
   [1 0 0])
  ("ret_dic" .
   [3 0 0 0 0 0 1])
  ("ret_lin" .
   [3 0 0 0 0 0 0])
  ("456" .
   [1 0 0])
  ("binary_search" .
   [0 0 1 1 0 0 0 0 0 0 0 0 0])
  ("size" .
   [21 0 0 0])
  ("tab" .
   [6 0 0])
  ("element" .
   [1 0 0 0 1 0 0])
  ("compare" .
   [0 0 0 2 0 0 0])
  ("count" .
   [15 0 0 2 1])
  ("clear" .
   [1 0 0 0 1])
  ("sleep" .
   [2 0 0 0 1])
  ("4096" .
   [3 0 0 1])
  ("b" .
   [3])
  ("O_RDWR" .
   [1 0 0 0 0 0])
  ("file_ok" .
   [0 0 0 0 0 1 0])
  ("p" .
   [6])
  ("filename" .
   [1 0 0 0 0 0 1 0])
  ("my_strlen" .
   [0 0 0 0 0 0 1 0 0])
  ("sock" .
   [8 0 0 0])
  ("g_info" .
   [3 0 5 1 1 1])
  ("g" .
   [1])
  ("cfg_file" .
   [1 0 0 2 1 0 0 0])
  ("info" .
   [40 0 1 2])
  ("s_info" .
   [4 0 0 0 3 0])
  ("port" .
   [4 0 1 1])
  ("accept" .
   [1 0 0 0 0 0])
  ("write_int" .
   [0 0 0 0 0 0 1 0 0])
  ("pid" .
   [3 0 0])
  ("write" .
   [1 0 0 0 0])
  ("pid_file" .
   [0 0 0 3 2 0 1 0])
  ("trace_message" .
   [0 0 2 9 1 1 0 0 0 0 0 0 0])
  ("fd" .
   [2 0])
  ("message" .
   [2 0 0 0 0 0 0])
  ("SIZEMAX" .
   [0 0 0 0 1 0 0])
  ("f" .
   [5])
  ("file" .
   [7 0 0 0])
  ("STDERR_FILENO" .
   [0 0 0 0 1 0 0 0 0 0 0 0 0])
  ("test" .
   [1 0 0 0])
  ("my_strcmp" .
   [1 0 0 0 0 0 0 0 0])
  ("my_strcpy" .
   [0 0 0 0 0 0 1 0 0])
  ("src" .
   [6 0 0])
  ("dst" .
   [6 0 0])
  ("c" .
   [12])
  ("for" .
   [11 0 0])
  ("STDOUT_FILENO" .
   [1 0 0 1 1 0 0 0 0 0 0 0 2])
  ("file_desc" .
   [1 0 0 0 2 1 0 0 1])
  ("help" .
   [3 0 0 1])
  ("config_file" .
   [2 0 0 2 4 0 0 3 0 0 1])
  ("optarg" .
   [0 0 0 0 0 2])
  ("action" .
   [2 0 0 1 0 2])
  ("define" .
   [1 0 0 0 0 0])
  ("getopt" .
   [0 0 0 1 0 0])
  ("str" .
   [1 0 0])
  ("my_pstrlen" .
   [0 0 0 2 1 0 0 0 0 0])
  ("1000" .
   [1 0 0 0])
  ("text_color" .
   [0 0 0 0 1 0 0 0 0 0])
  ("212" .
   [1 0 0])
  ("screen" .
   [1 0 0 0 0 0])
  ("s" .
   [11])
  ("draw_towers" .
   [0 0 0 0 0 0 0 0 0 1 0])
  ("angle" .
   [1 0 1 0 0])
  ("position" .
   [1 0 1 0 0 0 0 0])
  ("detect_monster" .
   [1 0 0 0 1 0 0 0 0 0 0 0 0 0])
  ("range" .
   [1 0 0 0 0])
  ("monsterss" .
   [0 0 0 0 0 1 0 0 0])
  ("NULL" .
   [5 0 0 0])
  ("towers" .
   [2 0 0 0 0 0])
  ("money" .
   [1 0 2 0 0])
  ("level" .
   [1 0 0 0 0])
  ("SDL_Surface" .
   [0 0 0 1 0 0 0 0 0 0 0])
  ("char" .
   [27 0 0 1])
  ("sizeof" .
   [5 0 0 0 3 5])
  ("textures" .
   [1 0 0 1 1 0 0 0])
  ("h" .
   [4])
  ("txt" .
   [1 0 0])
  ("HEIGHT" .
   [0 0 1 0 0 0])
  ("WIDTH" .
   [0 0 1 0 0])
  ("1" .
   [4])
  ("g_world" .
   [1 0 7 1 2 0 0])
  ("alias" .
   [4 0 0 0 0])
  ("/dev/null" .
   [1 0 0 0 0 0 2 0 0])
  ("defun*" .
   [0 0 0 0 0 1])
  ("ac-init" .
   [0 0 0 1 0 0 0])
  ("set" .
   [0 0 2])
  ("setq" .
   [2 0 0 1])
  ("s_world" .
   [1 0 0 0 0 0 0])
  ("static" .
   [7 0 0 1 1 0])
  ("include" .
   [14 0 0 0 1 0 0])
  ("void" .
   [36 0 0 0])
  ("path" .
   [1 0 0 0])
  ("24" .
   [1 0])
  ("DIM" .
   [3 0 0])
  ("64" .
   [3 0])
  ("print" .
   [19 0 0 0 1])
  ("map" .
   [0 0 1])
  ("if" .
   [48 0])
  ("monsters" .
   [3 0 0 2 0 0 0 0])
  ("attendreTouche" .
   [0 0 0 0 0 0 0 1 0 0 0 0 0 0])
  ("while" .
   [11 0 0 0 0])
  ("update_towers" .
   [1 0 0 0 0 0 0 1 0 0 0 0 0])
  ("s_tower" .
   [0 0 0 0 0 1 0])
  ("t" .
   [5])
  ("tower" .
   [0 0 0 0 1])
  ("next" .
   [10 0 0 0])
  ("int" .
   [95 0 0])
  ("max_life" .
   [3 0 0 1 1 0 0 0])
  ("speed" .
   [1 0 0 0 0])
  ("40" .
   [2 0])
  ("else" .
   [53 0 0 0])
  ("life" .
   [4 0 0 0])
  ("16" .
   [1 0])
  ("width" .
   [2 0 0 0 0])
  ("color" .
   [1 0 0 0 0])
  ("2" .
   [4])
  ("line" .
   [6 0 0 0])
  ("10" .
   [4 0])
  ("11" .
   [2 0])
  ("12" .
   [3 0])
  ("8" .
   [2])
  ("draw_logo" .
   [0 0 0 1 0 0 0 0 0])
  ("draw_info" .
   [1 0 0 0 0 0 0 0 0])
  ("13" .
   [1 0])
  ("780" .
   [1 0 0])
  ("slct" .
   [0 0 2 0])
  ("768" .
   [3 0 0])
  ("7" .
   [1])
  ("printf" .
   [46 0 0 0 0 0])
  ("main" .
   [1 0 0 0])
  ("return" .
   [43 0 0 2 0 0])
  ("a" .
   [4])
  ("argc" .
   [4 0 0 3])
  ("argv" .
   [13 0 0 0])
  ("i" .
   [9])
  ("ret" .
   [13 0 0])
  ("handle_action" .
   [0 0 0 0 0 0 0 0 1 1 0 0 0])
  ("/u/" .
   [0 1 0])
  ("buff" .
   [19 0 0 0])
  ("malloc" .
   [6 0 0 0 1 1])
  ("struct" .
   [6 0 0 1 0 5])
  ("request" .
   [1 0 0 2 0 0 0])
  ("len" .
   [2 0 0])
  ("my_atoi" .
   [1 0 0 0 0 0 0])
  ("arg" .
   [6 0 0])
  ("reload" .
   [3 0 0 0 0 0])
  ("SIGHUP" .
   [1 0 0 0 0 0])
  ("buf" .
   [5 0 0])
  ("client" .
   [2 0 0 0 0 0])
  ("client_socket" .
   [0 0 0 0 0 0 0 1 1 0 0 0 0])
  ("creat_sock" .
   [0 0 0 0 1 0 0 0 0 0])
  ("close" .
   [1 0 0 0 0])
  ("socket" .
   [0 0 0 0 0 1])
  ("wait_client" .
   [1 0 0 0 1 0 0 0 0 0 0])
  ("c_arg" .
   [0 0 1 0 0])
  ("exec" .
   [1 0 0 0])
  ("restart" .
   [0 0 0 0 1 0 0])
  ("stop" .
   [3 0 0 0])
  ("/dev/" .
   [0 0 0 1 0])
  ("size_t" .
   [4 0 0 0 0 0])
  ("1025" .
   [1 0 0 0])
  ("key" .
   [14 0 0])
  ("command" .
   [4 0 0 0 2 0 0])
  ("model_ret" .
   [0 0 1 1 0 0 0 0 1])
  ("stdout" .
   [5 0 0 1 0 6])
  ("history" .
   [0 0 1 4 0 0 1])
  ("s_ast" .
   [2 0 0 6 1])
  ("make_binary_op" .
   [0 0 0 0 0 0 0 1 0 0 0 0 0 0])
  ("left" .
   [1 0 0 0])
  ("make_int" .
   [0 0 0 0 0 0 0 1])
  ("right" .
   [0 0 0 1 0])
  ("ast_list" .
   [0 0 1 0 0 0 1 0])
  ("token" .
   [3 0 2 0 2])
  ("my_ast" .
   [0 0 2 0 1 4])
  ("my_tok1" .
   [1 0 0 0 1 0 0])
  ("ast" .
   [4 0 0])
  ("type" .
   [0 0 1 1])
  ("E_AND_OR" .
   [0 0 0 0 1 0 0 0])
  ("value" .
   [3 0 0 0 0])
  ("my_tok_et" .
   [2 0 0 0 0 0 0 0 0])
  ("my_tok_2" .
   [2 0 0 0 0 0 0 0])
  ("my_tok_1" .
   [2 0 0 0 0 0 0 0])
  ("E_INT" .
   [2 0 0 0 0])
  ("sons" .
   [2 0 0 3])
  ("print_ast" .
   [0 0 0 0 0 0 1 1 0])
  ("E_NUMBER" .
   [0 0 0 0 1 1 0 0])
  ("E_CONDITION" .
   [0 0 0 0 0 0 0 1 0 0 0])
  ("inline" .
   [1 0 0 0 0 0])
  ("xterm-mouse-mode" .
   [1 0 0 0 0 0 0 0 0 0 0 0 0 0 0 0])
  ("-rvf" .
   [3 0 0 0])
  ("-vf" .
   [1 0 0])
  ("st" .
   [5 1])
  ("my_st" .
   [4 0 2 3 9])
  ("in" .
   [20 0])
  ("in_1" .
   [8 0 0 0])
  ("in_2" .
   [5 0 0 0])
  ("puts" .
   [5 0 0 1])
  ("arrow" .
   [1 0 0 1 0])
  ("event" .
   [1 0 0 0 0])
  ("win_size" .
   [0 0 0 1 2 0 0 0])
  ("s_win_size" .
   [0 0 0 1 0 0 0 0 0 0])
  ("win_s" .
   [1 0 0 0 0])
  ("my_term" .
   [1 0 0 0 0 0 0])
  ("sz" .
   [2 0])
  ("lines" .
   [0 0 1 0 0])
  ("col" .
   [6 0 0])
  ("linum" .
   [1 0 0 0 0])
  ("linum-format" .
   [0 0 0 0 0 0 0 0 0 0 0 1])
  ("posx" .
   [6 0 0 1])
  ("tmp_l" .
   [3 0 0 0 0])
  ("s_buff" .
   [6 0 1 0 0 0])
  ("ith" .
   [2 0 0])
  ("prev" .
   [1 0 0 0])
  ("l_t" .
   [1 0 0])
  ("log_cursor" .
   [0 0 1 0 0 0 0 0 0 0])
  ("row" .
   [8 0 0])
  ("destroy_buff" .
   [1 0 0 0 0 0 0 0 0 0 0 0])
  ("hist" .
   [4 0 0 1])
  ("LEFT" .
   [1 0 0 0])
  ("d" .
   [1])
  ("e" .
   [1])
  ("clear_end_of_line" .
   [0 0 0 0 0 0 0 0 0 0 0 0 0 0 0 0 1])
  ("right_cursor" .
   [0 0 0 0 0 0 0 0 1 0 0 0])
  ("strlen" .
   [1 0 0 0 0 0])
  ("k" .
   [2])
  ("n" .
   [1])
  ("print_hlist" .
   [1 0 0 0 0 0 0 0 0 0 0])
  ("read" .
   [4 0 0 0])
  ("git" .
   [5 0 0])
  ("echo" .
   [4 0 0 0])
  ("TOCKEN" .
   [1 0 0 0 0 0])
  ("push" .
   [1 0 0 0])
  ("List" .
   [2 0 0 0])
  ("on" .
   [4 0])
  ("output_file" .
   [0 0 1 0 0 0 0 0 0 0 0])
  ("out" .
   [3 0 0])
  ("input_file" .
   [0 0 1 0 0 0 0 0 0 0])
  ("replace" .
   [2 0 1 0 0 0 1])
  ("string" .
   [2 0 0 0 0 0])
  ("src_token" .
   [0 0 2 1 0 0 0 0 0])
  ("dst_token" .
   [0 0 2 0 0 0 0 0 0])
  ("length" .
   [1 0 1 1 0 0])
  ("cerr" .
   [3 0 0 0])
  ("Matrix" .
   [4 0 1 0 1 1])
  ("mat_" .
   [5 0 0 0])
  ("col_" .
   [4 0 1 0])
  ("columns" .
   [0 0 0 2 1 1 3])
  ("matrix_" .
   [1 0 0 0 0 0 0])
  ("rows" .
   [3 0 0 0])
  ("false" .
   [2 0 0 0 0])
  ("column" .
   [1 0 0 0 0 0])
  ("./main1.cc" .
   [0 0 0 0 0 0 1 0 0 0])
  ("./check/" .
   [0 0 0 0 0 0 0 1])
  ("Cyan" .
   [1 0 0 0])
  ("Red" .
   [1 0 0])
  ("public" .
   [2 0 1 0 0 0])
  ("Shape" .
   [1 0 0 1 0])
  ("Engine" .
   [2 0 0 0 0 0])
  ("fuel_" .
   [10 0 0 0 1])
  ("fuel" .
   [13 0 0 1])
  ("bool" .
   [1 0 0 0])
  ("true" .
   [1 0 0 0])
  ("consumed" .
   [1 0 0 0 1 1 0 0])))
